15379	
15380	Feb 14 2018
15381	Feb 14 2018
15382	Feb 14 2018
15383	Feb 14 2018
15384	May 02 2018
15386	
15387	Apr 18 2018
15388	
15389	Apr 18 2018
15390	
15391	May 02 2018
15392	
15393	Apr 18 2018
15394	
15395	
15396	Apr 25 2018
15397	Apr 25 2018
15398	Apr 25 2018
15399	May 02 2018
15400	May 02 2018
15401	Apr 25 2018
15402	Feb 28 2018
15403	May 09 2018
15404	
15405	May 02 2018
15406	May 02 2018
15407	Feb 28 2018
15408	Feb 21 2018
15409	Apr 18 2018
15410	Apr 25 2018
15411	Feb 28 2018
15412	
15413	Feb 28 2018
15414	
15415	
15416	Feb 28 2018
15417	Apr 25 2018
15418	Apr 25 2018
15419	Feb 28 2018
15420	Feb 28 2018
15421	Feb 28 2018
15422	Feb 28 2018
15423	Feb 28 2018
15424	Feb 28 2018
15425	Feb 28 2018
15426	Feb 28 2018
15427	Feb 28 2018
15428	Feb 28 2018
15429	Feb 28 2018
15430	Feb 28 2018
15431	Feb 28 2018
15432	Feb 28 2018
15433	Feb 28 2018
15434	Feb 28 2018
15435	Feb 28 2018
15436	Feb 28 2018
15437	May 02 2018
15438	Feb 28 2018
15439	Feb 28 2018
15440	Feb 28 2018
15441	May 02 2018
15442	Apr 25 2018
15443	Feb 28 2018
15444	May 09 2018
15445	Feb 28 2018
15446	Feb 28 2018
15447	Feb 28 2018
15448	May 02 2018
15449	May 02 2018
15450	May 02 2018
15451	Mar 07 2018
15452	Jun 27 2018
15453	
15454	Mar 07 2018
15455	Feb 28 2018
15456	Feb 28 2018
15457	
15458	Mar 07 2018
15459	Mar 07 2018
15460	May 09 2018
15461	Feb 28 2018
15462	Feb 28 2018
15463	Mar 07 2018
15464	Jun 27 2018
15465	Jun 27 2018
15466	Mar 07 2018
15467	May 09 2018
15468	May 09 2018
15469	Mar 07 2018
15470	Jun 27 2018
15471	Jun 27 2018
15472	Mar 07 2018
15473	Mar 07 2018
15474	Mar 07 2018
15475	Mar 07 2018
15476	
15477	Jun 27 2018
15478	Mar 07 2018
15479	
15480	Mar 07 2018
15481	
15482	Mar 07 2018
15483	Jun 06 2018
15484	
15485	Jun 06 2018
15486	
15487	Mar 07 2018
15488	Jun 06 2018
15489	Mar 07 2018
15490	Mar 07 2018
15491	Mar 07 2018
15492	Mar 07 2018
15493	Jun 06 2018
15494	
15495	Jun 06 2018
15496	Jun 06 2018
15497	Mar 07 2018
15498	Mar 07 2018
15499	Jun 06 2018
15500	
15501	
15502	
15503	
15504	Jun 06 2018
15505	
15506	Feb 28 2018
